112661
5340
11942
39
4.32%
275
0
6344
119
2066
164
729
110830
5386
11710
40
4.43%
250
0
6347
84
2089
129
711
114938
5341
12383
42
4.23%
283
0
6369
127
2053
166
745
113428
5384
12108
39
4.32%
269
0
6386
110
2068
135
733
-----------------------------------------------
112661
5340
11942
39
4.32%
275
4124
1530
1367
2066
164
39
110830
5386
11710
40
4.43%
250
4155
1521
1337
2089
129
40
114938
5341
12383
42
4.23%
283
4115
1551
1377
2053
166
42
113428
5384
12108
39
4.32%
269
4125
1567
1385
2068
135
39
-----------------------------------------------
112661
5069
11942
3
4.07%
145
0
5217
1256
0
3
0
110830
5080
11710
1
4.15%
149
0
5230
1266
0
9
0
114938
5080
12383
2
3.99%
145
0
5227
1257
0
6
0
113428
5086
12108
0
4.05%
160
0
5246
1287
0
9
0
-----------------------------------------------
